5d01 0000 3234 3220 312e 3020 4741 534f
4c49 4e41 0000 0000 0000 0000 0000 0000
0000 5936 2056 4f4c 4b53 5741 4745 4d00
0000 0000 0000 0000 0000 0000 0000 0000
3b06 0000 3938 2031 2e30 2046 4c45 5800
0000 0000 0000 0000 0000 0000 0000 0000
0000 5233 2047 5552 4745 4c00 0000 0000
0000 0000 0000 0000 0000 0000 0000 0000
3b06 0000 3938 2031 2e30 2046 4c45 5800
0000 0000 0000 0000 0000 0000 0000 0000
0000 5635 2056 4f4c 564f 0000 0000 0000
0000 0000 0000 0000 0000 0000 0000 0000
350c 0000 3436 3520 312e 3020 414c 434f
4f4c 0000 0000 0000 0000 0000 0000 0000
0000 5533 204b 4941 0000 0000 0000 0000
0000 0000 0000 0000 0000 0000 0000 0000
ce16 0000 3236 3120 312e 3020 454c 4554
5249 434f 0000 0000 0000 0000 0000 0000
0000 4c31 2047 5552 4745 4c00 0000 0000
0000 0000 0000 0000 0000 0000 0000 0000
ce16 0000 3236 3120 312e 3020 454c 4554
5249 434f 0000 0000 0000 0000 0000 0000
0000 5635 2056 4f4c 564f 0000 0000 0000
0000 0000 0000 0000 0000 0000 0000 0000
7338 0000 3137 3920 312e 3320 4741 534f
4c49 4e41 0000 0000 0000 0000 0000 0000
0000 5937 2054 4f59 4f54 4100 0000 0000
0000 0000 0000 0000 0000 0000 0000 0000
1e53 0000 3436 2031 2e33 2046 4c45 5800
0000 0000 0000 0000 0000 0000 0000 0000
0000 5233 2047 5552 4745 4c00 0000 0000
0000 0000 0000 0000 0000 0000 0000 0000
e775 0000 3937 2031 2e33 2041 4c43 4f4f
4c00 0000 0000 0000 0000 0000 0000 0000
0000 5236 204d 4954 5355 4249 5348 4900
0000 0000 0000 0000 0000 0000 0000 0000
20
